0 10
1 62
2 20
3 5
4 0
5 56
6 15
7 11
8 70
9 19
10 61
11 81
12 10
13 77
14 74
15 2
16 10
17 58
18 21
19 28
20 1
21 4
22 22
23 13
24 48
25 47
26 3
27 7
28 72
29 80
30 68
31 67
32 3
33 14
34 17
35 55
36 38
37 59
38 2
39 26
40 63
41 37
42 65
43 39
44 66
45 6
46 71
47 32
48 8
49 51
50 53
51 69
52 9
53 29
54 30
55 4
56 60
57 16
58 49
59 50
60 35
61 31
62 5
63 9
64 85
65 7
66 11
67 34
68 1
69 6
70 46
71 78
72 73
73 43
74 57
75 8
76 24
77 83
78 18
79 86
80 36
81 27
82 76
83 44
84 52
85 33
86 40
87 41
88 11
89 82
90 79
91 45
92 23
93 42
94 25
95 64
96 12
97 75
98 84
99 54
